object FormClient: TFormClient
  Left = 0
  Top = 0
  Caption = 'NailsApp - '#1050#1083#1080#1077#1085#1090#1099
  ClientHeight = 480
  ClientWidth = 640
  FormFactor.Width = 320
  FormFactor.Height = 480
  FormFactor.Devices = [Desktop]
  DesignerMasterStyle = 0
  object StringGrid1: TStringGrid
    CanFocus = True
    ClipChildren = True
    Position.X = 8.000000000000000000
    Position.Y = 8.000000000000000000
    Size.Width = 489.000000000000000000
    Size.Height = 465.000000000000000000
    Size.PlatformDefault = False
    TabOrder = 1
    Viewport.Width = 485.000000000000000000
    Viewport.Height = 440.000000000000000000
  end
end
